Case1
111213222324333435
121314232425343536
131415242526353637
141516252627363738
151617262728373839
111213323334232425
121314333435242526
131415343536252627
141516353637262728
151617363738272829
212223121314333435
222324131415343536
232425141516353637
242526151617363738
252627161718373839
212223323334131415
222324333435141516
232425343536151617
242526353637161718
252627363738171819
313233121314232425
323334131415242526
333435141516252627
343536151617262728
353637161718272829
313233222324131415
323334232425141516
333435242526151617
343536252627161718
353637262728171819
Case 2:
111213212223313233
121314222324323334
131415232425333435
141516242526343536
151617252627353637
161718262728363738
171819272829373839
Case3
111213242526373839
111213272829343536
141516212223373839
141516272829313233
171819212223343536
171819242526313233
Case4
111213141516171819
212223242526272829
313233343536373839
Case5
111213121314131415
121314131415141516
131415141516151617
141516151617161718
212223222324232425
222324232425242526
232425242526252627
242526252627262728
313233323334333435
323334333435343536
333435343536353637
343536353637363738
111213131415151617
121314141516161718
212223232425252627
222324242526262728
313233333435353637
323334343536363738
Over